резиночки желтые : 3.0 6.0 4.0 5.0 11.0 7.0 4.0 4.0 
резинки розовые : 4.0 5.0 5.0 7.0 12.0 14.0 4.0 6.0 
резинки сиреневые : 5.0 6.0 6.0 8.0 15.0 18.0 4.0 7.0 
пепе : 3.0 6.0 4.0 7.0 12.0 14.0 3.0 7.0 
пони : 1.0 2.0 2.0 2.0 3.0 5.0 0.0 3.0 
слон : 8.0 9.0 8.0 12.0 22.0 18.0 10.0 16.0 
резинки : 8.0 12.0 11.0 21.0 32.0 29.0 8.0 19.0 
е-ежик рожа : 5.0 11.0 9.0 13.0 32.0 29.0 4.0 14.0 
1.0 : 2.0 3.0 2.0 3.0 6.0 8.0 2.0 5.0 
2.0 : 2.0 5.0 4.0 7.0 8.0 15.0 2.0 7.0 
3.0 : 2.0 3.0 4.0 5.0 9.0 11.0 1.0 7.0 
зеленые резинки : 2.0 5.0 4.0 4.0 11.0 12.0 2.0 3.0 
4.0 : 1.0 3.0 3.0 4.0 9.0 9.0 1.0 4.0 
5.1 : 2.0 4.0 4.0 5.0 11.0 11.0 2.0 5.0 
5.2 : 3.0 5.0 4.0 6.0 11.0 11.0 1.0 8.0 
6.0 : 3.0 6.0 2.0 4.0 12.0 9.0 2.0 9.0 
7.0 : 5.0 6.0 6.0 7.0 10.0 10.0 3.0 8.0 
8.0 : 3.0 7.0 5.0 10.0 21.0 19.0 3.0 10.0 
резинки черные : 3.0 6.0 5.0 7.0 12.0 14.0 2.0 7.0 
резинки цветные : 1.0 3.0 2.0 5.0 7.0 9.0 1.0 4.0 
ящерица : 5.0 8.0 7.0 8.0 10.0 14.0 11.0 9.0 
сороконожка : 7.0 10.0 10.0 10.0 12.0 14.0 8.0 10.0 
цветные : 3.0 3.0 2.0 4.0 8.0 9.0 3.0 3.0 
часы : 4.0 6.0 6.0 9.0 12.0 16.0 4.0 7.0 
кукла голова : 3.0 6.0 5.0 9.0 13.0 15.0 1.0 6.0 
сапоги : 3.0 5.0 4.0 9.0 13.0 14.0 2.0 8.0 
пупс : 5.0 7.0 6.0 8.0 10.0 11.0 6.0 10.0 
мишка рыжий : 4.0 3.0 6.0 7.0 13.0 10.0 2.0 6.0 
синий мишка : 2.0 4.0 5.0 6.0 11.0 10.0 1.0 5.0 
миньон : 2.0 3.0 5.0 6.0 12.0 11.0 1.0 4.0 
зубастик : 1.0 5.0 5.0 5.0 9.0 8.0 0.0 4.0 
дракончик : 2.0 4.0 4.0 4.0 8.0 8.0 1.0 4.0 
  паучок : 2.0 3.0 2.0 3.0 6.0 6.0 0.0 2.0 
корова : 11.0 9.0 7.0 12.0 11.0 16.0 15.0 15.0 
чудик : 5.0 4.0 7.0 9.0 12.0 13.0 6.0 8.0 
свинья : 2.0 4.0 4.0 5.0 9.0 9.0 1.0 3.0 
воробей  : 2.0 2.0 4.0 6.0 9.0 8.0 1.0 3.0 
мишка зеленый : 5.0 2.0 4.0 6.0 10.0 10.0 1.0 6.0 
рыжее солнце : 6.0 2.0 6.0 5.0 10.0 11.0 1.0 7.0 
резинки розовые : 3.0 4.0 4.0 5.0 8.0 8.0 3.0 2.0 
резинки синие : 5.0 2.0 4.0 7.0 10.0 10.0 1.0 6.0 
чудик карри : 2.0 5.0 7.0 9.0 15.0 16.0 3.0 7.0 
ежик карри : 3.0 4.0 6.0 7.0 11.0 12.0 3.0 6.0 
сиреневый чудик : 4.0 4.0 4.0 4.0 7.0 7.0 3.0 5.0 
лягушка : 10.0 5.0 6.0 10.0 9.0 13.0 15.0 16.0 
медуза : 5.0 4.0 6.0 10.0 17.0 17.0 2.0 8.0 
е-ежик : 7.0 5.0 6.0 7.0 14.0 14.0 0.0 7.0 
змея зеленая : 1.0 2.0 2.0 3.0 5.0 6.0 2.0 3.0 
змея черная : 2.0 3.0 4.0 5.0 7.0 7.0 3.0 3.0 
булова : 2.0 2.0 2.0 3.0 3.0 4.0 1.0 2.0 
резинки 1 : 6.0 3.0 3.0 5.0 9.0 8.0 2.0 6.0 
резинки 2 : 5.0 1.0 2.0 3.0 7.0 7.0 1.0 5.0 
резинки 3 : 4.0 1.0 2.0 3.0 6.0 5.0 -1.0 5.0 
резинки 4 : 8.0 4.0 7.0 11.0 15.0 13.0 2.0 12.0 
резинки 5 : 3.0 1.0 2.0 2.0 4.0 4.0 2.0 2.0 
резинки яблоко : 3.0 4.0 4.0 5.0 9.0 9.0 2.0 4.0 
резинки 6 : 3.0 3.0 4.0 5.0 9.0 9.0 1.0 6.0 
резинки 7 : 2.0 2.0 3.0 3.0 6.0 6.0 1.0 5.0 
резинки 0 : 3.0 2.0 3.0 3.0 5.0 5.0 1.0 4.0 
солнце : 9.0 7.0 11.0 10.0 17.0 15.0 4.0 17.0 
солнце новое : 9.0 2.0 5.0 6.0 14.0 11.0 2.0 10.0 
еж : 3.0 3.0 4.0 6.0 11.0 10.0 1.0 8.0 
солнце старое  : 11.0 7.0 10.0 10.0 11.0 11.0 13.0 18.0 
яйцо : 6.0 11.0 14.0 25.0 34.0 35.0 8.0 28.0 
колбаса пластизоль : 6.0 12.0 16.0 27.0 39.0 40.0 9.0 33.0 
колбаса краска : 6.0 13.0 15.0 25.0 36.0 38.0 8.0 29.0 
резини большая коробка : 2.0 3.0 2.0 5.0 10.0 12.0 1.0 2.0 
собака краска : 3.0 3.0 4.0 6.0 9.0 8.0 2.0 9.0 
собака пластизоль : 7.0 6.0 9.0 15.0 19.0 19.0 7.0 20.0 
сыр пластизоль : 8.0 7.0 12.0 21.0 30.0 28.0 8.0 30.0 
сыр краска : 5.0 3.0 6.0 12.0 18.0 16.0 5.0 17.0 
петя пластизоль : 2.0 1.0 0.0 2.0 2.0 4.0 1.0 2.0 
петя краска : 2.0 1.0 3.0 6.0 9.0 8.0 1.0 5.0 
еж зеленый : 4.0 4.0 4.0 5.0 7.0 8.0 4.0 4.0 
гусеница : 2.0 3.0 2.0 3.0 7.0 8.0 1.0 2.0 
