ацетальдегид : 3.0 3.0 4.0 7.0 8.0 7.0 2.0 11.0 
ацетальдегид : 6.0 7.0 9.0 20.0 18.0 17.0 8.0 31.0 
ацетальдегид : 8.0 10.0 14.0 33.0 33.0 31.0 11.0 36.0 
ацетальдегид : 3.0 3.0 4.0 8.0 10.0 10.0 3.0 13.0 
ацетон : 6.0 5.0 11.0 20.0 16.0 16.0 6.0 10.0 
ацетон : 9.0 7.0 14.0 24.0 22.0 19.0 9.0 13.0 
ацетон : 3.0 6.0 7.0 9.0 15.0 14.0 2.0 9.0 
бензин : 4.0 3.0 4.0 5.0 6.0 7.0 4.0 8.0 
бензол : 7.0 4.0 8.0 13.0 8.0 8.0 16.0 14.0 
бензол : 9.0 7.0 12.0 23.0 16.0 15.0 26.0 23.0 
бензол : 10.0 8.0 15.0 29.0 13.0 11.0 44.0 28.0 
бензол : 6.0 8.0 11.0 18.0 23.0 24.0 10.0 19.0 
бутанол : 10.0 11.0 17.0 39.0 26.0 23.0 9.0 77.0 
бутилацетат : 9.0 7.0 12.0 18.0 17.0 14.0 20.0 21.0 
гексан : 3.0 1.0 3.0 4.0 7.0 8.0 0.0 3.0 
диоктилфталат : 2.0 5.0 5.0 7.0 9.0 10.0 0.0 9.0 
диоктилфталат : 6.0 4.0 5.0 8.0 14.0 13.0 1.0 11.0 
диоктилфталат : 9.0 7.0 14.0 20.0 37.0 34.0 1.0 29.0 
диоктилфталат : 3.0 5.0 5.0 6.0 12.0 12.0 1.0 4.0 
диоктилфталат : 8.0 4.0 7.0 10.0 17.0 17.0 2.0 9.0 
диоктилфталат : 13.0 7.0 10.0 12.0 22.0 23.0 1.0 13.0 
диоктилфталат : 4.0 3.0 3.0 2.0 6.0 7.0 1.0 2.0 
диоктилфталат : 2.0 3.0 4.0 4.0 9.0 9.0 1.0 4.0 
диоктилфталат : 5.0 5.0 6.0 7.0 13.0 13.0 3.0 7.0 
изобутанол : 10.0 6.0 12.0 40.0 15.0 12.0 12.0 113.0 
изопропанол : 7.0 5.0 9.0 25.0 17.0 16.0 5.0 33.0 
пластизоль : 5.0 2.0 3.0 3.0 5.0 7.0 1.0 3.0 
пластизоль : 6.0 2.0 2.0 4.0 7.0 6.0 1.0 4.0 
пропанол : 11.0 10.0 15.0 39.0 20.0 17.0 11.0 83.0 
стирол : 6.0 6.0 11.0 18.0 11.0 10.0 21.0 18.0 
толуол : 8.0 10.0 15.0 24.0 31.0 31.0 12.0 27.0 
фенол : 5.0 5.0 10.0 32.0 18.0 15.0 10.0 43.0 
этилацетат : 1.0 5.0 5.0 8.0 8.0 10.0 4.0 5.0 
этилацетат : 5.0 3.0 8.0 13.0 11.0 11.0 10.0 9.0 
этилацетат : 8.0 8.0 13.0 21.0 20.0 19.0 15.0 16.0 
этилацетат : 6.0 4.0 6.0 7.0 11.0 8.0 4.0 11.0 
