43
41
43
44
45
43
27
44
45
43
44
44
45
45
43
44
44
44
44
44
44
45
44
44
42
46
43
44
44
45
44
44
44
46
44
44
45
45
43
45
44
44
43
44
45
45
43
45
39
44
43
42
41
41
41
41
44
30
43
47
43
45
44
45
45
42
43
45
45
46
44
44
44
47
44
44
46
45
44
44
43
45
43
43
45
46
43
44
43
45
45
45
46
46
43
44
43
44
43
43
44
44
43
43
44
44
44
44
44
44
43
44
41
3
38
43
42
42
3
38
26
43
43
44
42
44
6
43
44
42
42
40
41
41
38
44
43
43
42
41
42
42
19
43
38
46
44
43
43
43
2
41
42
42
44
44
44
44
40
44
43
43
44
44
44
44
38
44
43
42
41
42
45
45
46
40
1
36
40
4
42
38
1
28
45
44
46
46
47
47
44
46
44
46
44
44
45
45
44
44
44
44
44
44
45
45
42
44
43
1
39
31
34
38
44
33
45
25
21
23
30
31
45
31
44
44
43
43
45
45
44
43
44
46
44
44
44
41
44
44
44
44
44
44
44
45
42
44
44
47
45
44
45
46
44
43
31
44
46
44
44
43
45
44
45
49
45
44
45
45
44
44
46
45
44
45
45
45
44
46
42
42
43
42
42
38
43
44
